0,0=[0.5081692857342376, 0.2648823452663336, 1.1426389493933427, -5.121556304958897]|[0, 0, 0, 0]|7.2|0
0,1=[-1.3671015598632488, 3.1101426779074757, -0.41223653857527776, 1.0736750027842683]|[0, 0, 0, 0]|0.9999911973538042|1.8878171884858435e-07
0,2=[-5.833697460060339, 2.742598230878524]|[0, 0]|0.9690796013625461|-0.0001020030445626642
0,3=[3.313549275012798, -2.0193934978976658, -21.999171305305577]|[0, 0, 0]|0.0013260278883799443|0.000248941193732932
0,4=[]|[]|4.525912061073985e-10|0.0013206419571429537
1,0=[0.8103698123077545, -2.7254900960425297, 0.7697589366455364, -9.19317484512945]|[0, 0, 0, 0]|3.2|0
1,1=[5.332756170571834, -0.8418206018348265, 3.53319867239473, 0.5242907826659254]|[0, 0, 0, 0]|0.99995845571551|-2.249831033283343e-05
1,2=[4.623242157239, -7.468614092576003]|[0, 0]|0.17486419324498853|1.541270046771322e-06
1,3=[-21.786687799897482, -1.8336372637567324, 2.945319584390414]|[0, 0, 0]|0.9877786779061327|-7.719850897625868e-06
2,0=[0.5458402152987224, 2.3217117830939613, -0.3942433982229391, 10.101387202701654]|[0, 0, 0, 0]|6.0|0
2,1=[-1.2883686898438473, 3.575146305284256, -1.2761347796210596, 1.0186955799798465]|[0, 0, 0, 0]|0.9999640878374872|3.394839241750661e-08
2,2=[-2.9832199857152006, 3.1102076977666973]|[0, 0]|0.9628064789817035|-0.00010768770606319093
2,3=[]|[]|1|0
3,0=[0.9272181649024258, 1.7091734118670294, 0.5800816360729186, 11.307216563462687]|[0, 0, 0, 0]|1.8|0
3,1=[0.7787327522452657, -7.50010439956609, 1.4290356732665463, -0.43701911259996057]|[0, 0, 0, 0]|0.9859710671340374|-5.519583136430331e-26
4,0=[0.4444131296363192, -0.10365836012832652, 0.8654830298915976, -10.415442950179164]|[0, 0, 0, 0]|1|0
4,1=[]|[]|1|0
4,2=[]|[]|1|0
