0,0=[-1.0347032432056988, -0.9346717476106418, 5.075069310492819, -0.9217215062645336]|[0, 0, 0, 0]|5.1|0
0,1=[-0.17196609983664568, -0.361349123088827, 0.435394734830331, 0.1455436097340295]|[0, 0, 0, 0]|0.0019339897280217417|4.266944746988007e-08
0,2=[-6.6428428501025705, 2.4512634865325955]|[0, 0]|0.07534269170503098|-0.00032218427996399783
0,3=[3.4557390616709345, -2.0204404413656167, -21.34225727612867]|[0, 0, 0]|0.9847431711173689|0.0005313508173715309
0,4=[]|[]|0.9613799262038056|0.0014917609825728306
1,0=[-0.1500994627317474, 3.049618441832311, 8.78732237598905, -0.45684980572209416]|[0, 0, 0, 0]|3.8|0
1,1=[-4.941694676541726, 3.22338539149212, -2.752526476595043, -3.1820111366795194]|[0, 0, 0, 0]|0.9846205319054288|0.00010826240696325784
1,2=[4.772819223570445, -4.939197586004817]|[0, 0]|0.9991489055559039|2.9521533775547537e-06
1,3=[-20.889806467853056, -1.7823861020191827, 3.108726248065107]|[0, 0, 0]|0.0090196122579587|-8.611422474247652e-05
2,0=[0.203660695461699, -0.6263626713030249, -9.324456404702131, -0.32832440397764046]|[0, 0, 0, 0]|1.5|0
2,1=[2.3578172501676575, 3.8939949741058837, -0.9893660131443363, -5.337881143798171]|[0, 0, 0, 0]|1.0|-0.0
2,2=[-4.136014971932633, 2.035018116954165]|[0, 0]|0.024168418141871147|-6.449104647026874e-05
2,3=[]|[]|1|0
3,0=[-0.4112430219041036, -2.008327363064544, -11.126792774126525, -0.4887035292742222]|[0, 0, 0, 0]|0.3|0
3,1=[0.4982936176152737, 0.615118362349265, 0.2839728776701104, 0.894900153849292]|[0, 0, 0, 0]|0.0016719241753912115|-2.6572333919491564e-07
4,0=[-0.5809879688165818, -1.1204590093769708, 8.295835358188954, 0.6837998168478788]|[0, 0, 0, 0]|1|0
4,1=[]|[]|1|0
4,2=[]|[]|1|0
